Сделай теперь с этими данными:

coordinates_num       non_parallel_time      parallel_time
0	3.11e-07	0.000304473
100000	0.00146768	0.000570766
200000	0.00254686	0.000919138
300000	0.00352153	0.00119776
400000	0.0047112	0.00169656
500000	0.00590333	0.00182291
600000	0.00704526	0.00216892
700000	0.00888253	0.00248744
800000	0.00945539	0.00275615
900000	0.0106315	0.00309325
1000000	0.0120142	0.00334856
1100000	0.0129101	0.00370994
1200000	0.0141015	0.00399027
1300000	0.015299	0.0042837
1400000	0.0165018	0.00457193
1500000	0.017743	0.00548594
1600000	0.018937	0.00520941
1700000	0.0200661	0.00559024
1800000	0.021265	0.00583075
1900000	0.0224795	0.00622692
2000000	0.0238727	0.00648854
2100000	0.0246493	0.00693173
2200000	0.0259313	0.00699388
2300000	0.0270999	0.00735889
2400000	0.0282276	0.00773491
2500000	0.0294246	0.00794061
2600000	0.0305978	0.00831761
2700000	0.0320026	0.00854768
2800000	0.0330454	0.00897204
2900000	0.0341915	0.00917509
3000000	0.0353807	0.00969602
3100000	0.0365729	0.00977124
3200000	0.037768	0.0100753
3300000	0.0389976	0.0104816
3400000	0.0402165	0.0110064
3500000	0.0413909	0.0111802
3600000	0.0426208	0.0121595
3700000	0.0443006	0.0117303
3800000	0.04493	0.0119804
3900000	0.0461415	0.0122708
4000000	0.0478482	0.0128422
4100000	0.0485766	0.0127903
4200000	0.0492935	0.0130426
4300000	0.0504993	0.0137286
4400000	0.0523176	0.0136091
4500000	0.0529046	0.0140384
4600000	0.0541106	0.0143833
4700000	0.0552648	0.0147199
4800000	0.0564279	0.0150697
4900000	0.0576337	0.0153509
5000000	0.0588447	0.0156137
5100000	0.0600355	0.016369
5200000	0.0612113	0.0161571
5300000	0.062558	0.0165796
5400000	0.0636273	0.0168635
5500000	0.064769	0.0170762
5600000	0.0661451	0.0174764
5700000	0.0672445	0.0177959
5800000	0.0697857	0.017987
5900000	0.0696826	0.0186019
6000000	0.0709043	0.0195635
6100000	0.0720671	0.0189314
6200000	0.0733194	0.0192196
6300000	0.0761314	0.0195797
6400000	0.0756791	0.0199288
6500000	0.0767718	0.0209636
6600000	0.0779612	0.020619
6700000	0.0792536	0.020966
6800000	0.0803372	0.0210249
6900000	0.0815979	0.0217825
7000000	0.0826821	0.0218898
7100000	0.0838851	0.0222399
7200000	0.0851409	0.0225492
7300000	0.0865075	0.0226956
7400000	0.087505	0.0229336
7500000	0.0886824	0.0233757
7600000	0.0900137	0.02373
7700000	0.0910898	0.0249076
7800000	0.0923812	0.0244886
7900000	0.0936452	0.024681
8000000	0.0946071	0.0248748
8100000	0.0963456	0.0250607
8200000	0.0970582	0.0254302
8300000	0.098263	0.0260697
8400000	0.0986655	0.0266265
8500000	0.100012	0.0266853
8600000	0.100907	0.0270195
8700000	0.103162	0.0274539
8800000	0.103449	0.0271206
8900000	0.104759	0.027463
9000000	0.1057	0.0277876
9100000	0.107008	0.02814
9200000	0.108129	0.0283907
9300000	0.109282	0.0286785
9400000	0.111828	0.0290736
9500000	0.112559	0.0293408
9600000	0.113023	0.0298424
9700000	0.114121	0.0299088
9800000	0.11537	0.0301283
9900000	0.11688	0.0307279
10000000	0.117997	0.0307211
10000000	0.117711	0.0310919
15000000	0.178519	0.0464306
20000000	0.236083	0.0643368
25000000	0.29557	0.0773891
30000000	0.355485	0.0922363
35000000	0.411236	0.107058
40000000	0.471304	0.122259
45000000	0.532364	0.13698
50000000	0.593256	0.152636
55000000	0.65092	0.167801
60000000	0.711992	0.182319
65000000	0.770096	0.198286
70000000	0.823614	0.213763
75000000	0.88922	0.22986
80000000	0.942675	0.24746
85000000	1.00246	0.26647
90000000	1.06231	0.273715
95000000	1.12855	0.288303
100000000	1.18309	0.303535
105000000	1.24295	0.318721
110000000	1.30217	0.342598
115000000	1.36116	0.357092
120000000	1.4224	0.366681
125000000	1.48044	0.412284
130000000	1.5458	0.394244
135000000	1.58713	0.408476
140000000	1.6472	0.435338
145000000	1.70841	0.440579
150000000	1.7658	0.461537
155000000	1.82941	0.469935
160000000	1.88661	0.485223
165000000	1.9454	0.50041
170000000	2.00443	0.516358
175000000	2.0732	0.540001
180000000	2.12462	0.55123
185000000	2.18893	0.564304
190000000	2.26175	0.659662
195000000	2.72794	0.982561
200000000	2.36864	0.611356
205000000	2.42587	0.640533
210000000	2.48292	0.679121
215000000	2.59064	0.713874
220000000	2.62611	0.67245
225000000	2.66379	0.690013
230000000	2.72346	0.698009
235000000	2.78709	0.720712
240000000	2.86344	0.73066
245000000	2.90549	0.747791
250000000	2.96695	0.780267
255000000	3.02574	0.779473
260000000	3.08433	0.79109
265000000	3.17336	0.812612
270000000	3.17609	0.833232
275000000	3.23772	0.833071
280000000	3.31437	0.857361
285000000	3.35685	0.872849
290000000	3.41278	0.88779
295000000	3.48239	0.907711
300000000	3.53608	0.910801
305000000	3.59803	0.925004
310000000	3.65504	0.951544
315000000	3.731	0.963239
320000000	3.7766	0.985904
325000000	3.83486	0.986484
330000000	3.89328	1.00914
335000000	3.95604	1.01417
340000000	4.01931	1.03036
345000000	4.07579	1.04924
350000000	4.1342	1.07467
355000000	4.19555	1.08643
360000000	4.25576	1.09925
365000000	4.34074	1.12242
370000000	4.37347	1.13074
375000000	4.43844	1.15233
380000000	4.49254	1.1642
385000000	4.54957	1.17028
390000000	4.60936	1.18176
395000000	4.67923	1.2104
400000000	4.74672	1.21137
405000000	4.79177	1.22899
410000000	4.85191	1.25337
415000000	4.91063	1.25664
420000000	4.9728	1.27349
425000000	5.03005	1.29468
430000000	5.08988	1.31343
435000000	5.14914	1.32127
440000000	5.20807	1.34336
445000000	5.26931	1.35948
450000000	5.32786	1.36713
455000000	5.38906	1.39111
460000000	5.44977	1.39384
465000000	5.51371	1.41265
470000000	5.56871	1.42384
475000000	5.63565	1.44131
480000000	5.68988	1.46505
485000000	5.74687	1.47762
490000000	5.8081	1.49441
495000000	5.87024	1.50112
500000000	5.92733	1.52307